NodesVehiclek, 0,   1,   2,   3,   4,   5,   6,   7,   8,   9,  10,  11,  12,  13,  14,  15,  16,  17,  18,  19,  20,  21,
VolumeCap, 81
WeightCap, 30
EarlyTimeWindow, 0,            0,            4,        30.75,           12,        38.25,           17,        42.25,           24,        52.75,            6,        31.15,           14,         42.5,            6,        31.75,            5,        31.25,           21,           47,           19,         48.5,
LateTimeWindow, 79,           79,            28,         54.75,            36,        62.25,            41,         66.25,            48,         76.75,            30,         55.15,            38,          66.5,            30,         55.75,            29,         55.25,            45,            71,            43,         72.5,
WeightLoad, 7, 6, 10, 6, 8, 3, 13, 4, 9, 12,
VolumeLoad, 24, 21, 18, 17, 24, 1, 28, 12, 24, 27,
PickupLocations, 2,   4,   6,   8,  10,  2,  3,  7,  10,  9,
DeliveryLocations, 1,   2,   4,   9,  4,  7,  2,  8,  3,  10,
StartDepot, 1,
EndDepot, 11,
NumberOfCities, 11,
Times :                 
						0,       6.5,     5.25,    1.75,    2.25,    5.25,    2.75,    4.75,    4,       0.5,	0,
                        6.5,     0,       1.75,    5.25,    4.75,    1.75,    4.15,    2.5,     3,       6.75,	0,
                        5.25,    1.75,    0,       4,       3.75,    1,       3,       1.15,    1.75,    5.5,	0,
                        1.75,    5.25,    4,       0,       2,       3.5,     1,       3,       2.25,    2.25,	0,
                        2.25,    4.75,    3.75,    2,       0,       4.25,    2.5,     3.75,    3,       2.5,	0,
                        5.25,    1.75,    1,       3.5,     4.25,    0,       2.5,     0.75,    1.25,    5.75,	0,
                        2.75,    4.25,    3,       1,       2.5,     2.5,     0,       2,       1.25,    3.25,	0,
                        4.75,    2.5,     1.25,    3,       3.75,    0.75,    2,       0,       0.75,    5.25,	0,
                        4,       3,       1.75,    2.25,    3,       1.25,    1.25,    0.75,    0,       4.5,	0,
                        0.5,     6.75,    5.5,     2.25,    2.5,     5.75,    3.25,    5.25,    4.5,     0,		0,
                        0,		 0, 	  0, 	   0, 		0,		 0, 	  0, 	   0,       0,       0,     0,	
Distances :		
				         0,      495,     384,     119,     154,     378,     198,     336,     280,     36,	0,
                        495,     0,       129,     414,     382,     123,     319,     168,     221,     524,   0,
                        384,     129,     0,       277,     272,     52,      213,     62,      115,     415,   0,
                        119,     414,     277,     0,       153,     260,     79,      218,     162,     149,   0,
                        154,     382,     272,     153,     0,       306,     178,     264,     208,     168,	0,
                        378,     123,     52,      260,     306,     0,       196,     45,      98,      409,	0,
                        198,     319,     213,     79,      178,     196,     0,       154,     98,      228,	0,
                        336,     168,     62,      218,     264,     45,      154,     0,       57,      367,	0,
                        280,     221,     115,     162,     208,     98,      98,      57,      0,       311,	0,
                        36,      524,     415,     149,     168,     409,     228,     367,     311,     0,		0,
                		0,		 0,		  0,	   0, 		0, 		 0, 	  0,	   0, 	    0,       0,     0,
FuelPrice, 14.84
FuelConsumptionEmptyTruckPerKm, 0.42
FuelConsumptionPerTonPerKm, 0.01
LabourCostPerHour, 469
OtherDistanceDependentCostsPerKm, 3.55
OtherTimeDependentCostsPerHour, 199
TimeTonService, 0.1
Revenue, 100

!Freight order 1  has pickup in  Trondheim and delivery in  Dombås
!Freight order 2  has pickup in  Ringebu and delivery in Oppdal
!Vehicle 1 has startdepot  Røros
!Vehicle 2 has startdepot  Dombås
!Vehicle 3 has startdepot Lillehammer